RI, mRI, adjust_RI, m_adjust_RI, merger_error, m_merger_error, split_error, m_split_error, VI, mVI
RI, mRI, adjust_RI, m_adjust_RI, merger_error, m_merger_error, split_error, m_split_error, VI, mVI
1.0,1.0,1.0,1.0,0.0,0.0,0.0,0.0,0.0,0.0
1.0,1.0,1.0,1.0,0.0,0.0,0.0,0.0,0.0,0.0
1.0,1.0,1.0,1.0,0.0,0.0,0.0,0.0,0.0,0.0
1.0,1.0,1.0,1.0,0.0,0.0,0.0,0.0,0.0,0.0
1.0,1.0,1.0,1.0,0.0,0.0,0.0,0.0,0.0,0.0
1.0,1.0,1.0,1.0,0.0,0.0,0.0,0.0,0.0,0.0
1.0,1.0,1.0,1.0,0.0,0.0,0.0,0.0,0.0,0.0
1.0,1.0,1.0,1.0,0.0,0.0,0.0,0.0,0.0,0.0
1.0,1.0,1.0,1.0,0.0,0.0,0.0,0.0,0.0,0.0
1.0,1.0,1.0,1.0,0.0,0.0,0.0,0.0,0.0,0.0
1.0,1.0,1.0,1.0,0.0,0.0,0.0,0.0,0.0,0.0
1.0,1.0,1.0,1.0,0.0,0.0,0.0,0.0,0.0,0.0
1.0,1.0,1.0,1.0,0.0,0.0,0.0,0.0,0.0,0.0
1.0,1.0,1.0,1.0,0.0,0.0,0.0,0.0,0.0,0.0
1.0,1.0,1.0,1.0,0.0,0.0,0.0,0.0,0.0,0.0
1.0,1.0,1.0,1.0,0.0,0.0,0.0,0.0,0.0,0.0
1.0,1.0,1.0,1.0,0.0,0.0,0.0,0.0,0.0,0.0
1.0,1.0,1.0,1.0,0.0,0.0,0.0,0.0,0.0,0.0
1.0,1.0,1.0,1.0,0.0,0.0,0.0,0.0,0.0,0.0
1.0,1.0,1.0,1.0,0.0,0.0,0.0,0.0,0.0,0.0
1.0,1.0,1.0,1.0,0.0,0.0,0.0,0.0,0.0,0.0
1.0,1.0,1.0,1.0,0.0,0.0,0.0,0.0,0.0,0.0
1.0,1.0,1.0,1.0,0.0,0.0,0.0,0.0,0.0,0.0
1.0,1.0,1.0,1.0,0.0,0.0,0.0,0.0,0.0,0.0
1.0,1.0,1.0,1.0,0.0,0.0,0.0,0.0,0.0,0.0
1.0,1.0,1.0,1.0,0.0,0.0,0.0,0.0,0.0,0.0
1.0,1.0,1.0,1.0,0.0,0.0,0.0,0.0,0.0,0.0
1.0,1.0,1.0,1.0,0.0,0.0,0.0,0.0,0.0,0.0
1.0,1.0,1.0,1.0,0.0,0.0,0.0,0.0,0.0,0.0
1.0,1.0,1.0,1.0,0.0,0.0,0.0,0.0,0.0,0.0
1.0,1.0,1.0,1.0,0.0,0.0,0.0,0.0,0.0,0.0
1.0,1.0,1.0,1.0,0.0,0.0,0.0,0.0,0.0,0.0
1.0,1.0,1.0,1.0,0.0,0.0,0.0,0.0,0.0,0.0
1.0,1.0,1.0,1.0,0.0,0.0,0.0,0.0,0.0,0.0
1.0,1.0,1.0,1.0,0.0,0.0,0.0,0.0,0.0,0.0
1.0,1.0,1.0,1.0,0.0,0.0,0.0,0.0,0.0,0.0
1.0,1.0,1.0,1.0,0.0,0.0,0.0,0.0,0.0,0.0
1.0,1.0,1.0,1.0,0.0,0.0,0.0,0.0,0.0,0.0
1.0,1.0,1.0,1.0,0.0,0.0,0.0,0.0,0.0,0.0
1.0,1.0,1.0,1.0,0.0,0.0,0.0,0.0,0.0,0.0
1.0,1.0,1.0,1.0,0.0,0.0,0.0,0.0,0.0,0.0
1.0,1.0,1.0,1.0,0.0,0.0,0.0,0.0,0.0,0.0
1.0,1.0,1.0,1.0,0.0,0.0,0.0,0.0,0.0,0.0
1.0,1.0,1.0,1.0,0.0,0.0,0.0,0.0,0.0,0.0
1.0,1.0,1.0,1.0,0.0,0.0,0.0,0.0,0.0,0.0
1.0,1.0,1.0,1.0,0.0,0.0,0.0,0.0,0.0,0.0
1.0,1.0,1.0,1.0,0.0,0.0,0.0,0.0,0.0,0.0
1.0,1.0,1.0,1.0,0.0,0.0,0.0,0.0,0.0,0.0
1.0,1.0,1.0,1.0,0.0,0.0,0.0,0.0,0.0,0.0
1.0,1.0,1.0,1.0,0.0,0.0,0.0,0.0,0.0,0.0
1.0,1.0,1.0,1.0,0.0,0.0,0.0,0.0,0.0,0.0
1.0,1.0,1.0,1.0,0.0,0.0,0.0,0.0,0.0,0.0
1.0,1.0,1.0,1.0,0.0,0.0,0.0,0.0,0.0,0.0
1.0,1.0,1.0,1.0,0.0,0.0,0.0,0.0,0.0,0.0
1.0,1.0,1.0,1.0,0.0,0.0,0.0,0.0,0.0,0.0
1.0,1.0,1.0,1.0,0.0,0.0,0.0,0.0,0.0,0.0
1.0,1.0,1.0,1.0,0.0,0.0,0.0,0.0,0.0,0.0
1.0,1.0,1.0,1.0,0.0,0.0,0.0,0.0,0.0,0.0
1.0,1.0,1.0,1.0,0.0,0.0,0.0,0.0,0.0,0.0
1.0,1.0,1.0,1.0,0.0,0.0,0.0,0.0,0.0,0.0
1.0,1.0,1.0,1.0,0.0,0.0,0.0,0.0,0.0,0.0
1.0,1.0,1.0,1.0,0.0,0.0,0.0,0.0,0.0,0.0
1.0,1.0,1.0,1.0,0.0,0.0,0.0,0.0,0.0,0.0
1.0,1.0,1.0,1.0,0.0,0.0,0.0,0.0,0.0,0.0
1.0,1.0,1.0,1.0,0.0,0.0,0.0,0.0,0.0,0.0
1.0,1.0,1.0,1.0,0.0,0.0,0.0,0.0,0.0,0.0
1.0,1.0,1.0,1.0,0.0,0.0,0.0,0.0,0.0,0.0
1.0,1.0,1.0,1.0,0.0,0.0,0.0,0.0,0.0,0.0
1.0,1.0,1.0,1.0,0.0,0.0,0.0,0.0,0.0,0.0
1.0,1.0,1.0,1.0,0.0,0.0,0.0,0.0,0.0,0.0
1.0,1.0,1.0,1.0,0.0,0.0,0.0,0.0,0.0,0.0
1.0,1.0,1.0,1.0,0.0,0.0,0.0,0.0,0.0,0.0
1.0,1.0,1.0,1.0,0.0,0.0,0.0,0.0,0.0,0.0
1.0,1.0,1.0,1.0,0.0,0.0,0.0,0.0,0.0,0.0
1.0,1.0,1.0,1.0,0.0,0.0,0.0,0.0,0.0,0.0
1.0,1.0,1.0,1.0,0.0,0.0,0.0,0.0,0.0,0.0
1.0,1.0,1.0,1.0,0.0,0.0,0.0,0.0,0.0,0.0
1.0,1.0,1.0,1.0,0.0,0.0,0.0,0.0,0.0,0.0
1.0,1.0,1.0,1.0,0.0,0.0,0.0,0.0,0.0,0.0
1.0,1.0,1.0,1.0,0.0,0.0,0.0,0.0,0.0,0.0
1.0,1.0,1.0,1.0,0.0,0.0,0.0,0.0,0.0,0.0
1.0,1.0,1.0,1.0,0.0,0.0,0.0,0.0,0.0,0.0
1.0,1.0,1.0,1.0,0.0,0.0,0.0,0.0,0.0,0.0
1.0,1.0,1.0,1.0,0.0,0.0,0.0,0.0,0.0,0.0
1.0,1.0,1.0,1.0,0.0,0.0,0.0,0.0,0.0,0.0
1.0,1.0,1.0,1.0,0.0,0.0,0.0,0.0,0.0,0.0
1.0,1.0,1.0,1.0,0.0,0.0,0.0,0.0,0.0,0.0
1.0,1.0,1.0,1.0,0.0,0.0,0.0,0.0,0.0,0.0
1.0,1.0,1.0,1.0,0.0,0.0,0.0,0.0,0.0,0.0
1.0,1.0,1.0,1.0,0.0,0.0,0.0,0.0,0.0,0.0
1.0,1.0,1.0,1.0,0.0,0.0,0.0,0.0,0.0,0.0
1.0,1.0,1.0,1.0,0.0,0.0,0.0,0.0,0.0,0.0
1.0,1.0,1.0,1.0,0.0,0.0,0.0,0.0,0.0,0.0
1.0,1.0,1.0,1.0,0.0,0.0,0.0,0.0,0.0,0.0
1.0,1.0,1.0,1.0,0.0,0.0,0.0,0.0,0.0,0.0
1.0,1.0,1.0,1.0,0.0,0.0,0.0,0.0,0.0,0.0
1.0,1.0,1.0,1.0,0.0,0.0,0.0,0.0,0.0,0.0
1.0,1.0,1.0,1.0,0.0,0.0,0.0,0.0,0.0,0.0
1.0,1.0,1.0,1.0,0.0,0.0,0.0,0.0,0.0,0.0
1.0,1.0,1.0,1.0,0.0,0.0,0.0,0.0,0.0,0.0
1.0,1.0,1.0,1.0,0.0,0.0,0.0,0.0,0.0,0.0
